image_width: 410
image_height: 308
camera_name: Outdoor_Blimp
camera_matrix:
  rows: 3
  cols: 3
  data: [266.054867, 0.000000, 196.613210, 0.000000, 267.805024, 156.869045, 0.000000, 0.000000, 1.000000]
distortion_model: plumb_bob
distortion_coefficients:
  rows: 1
  cols: 5
  data: [0.044347, -0.095010, -0.001099, -0.000547, 0.000000]
rectification_matrix:
  rows: 3
  cols: 3
  data: [1.000000, 0.000000, 0.000000, 0.000000, 1.000000, 0.000000, 0.000000, 0.000000, 1.000000]
projection_matrix:
  rows: 3
  cols: 4
  data: [263.781616, 0.000000, 195.537079, 0.000000, 0.000000, 268.962463, 156.610207, 0.000000, 0.000000, 0.000000, 1.000000, 0.000000]

